$ANSIBLE_VAULT;1.1;AES256
64636137313862616630333739373564386661656363666261386136653539613735386666646434
3636396563363061663438363131326337313032373166640a353834303833633165633966663065
37333832663137646661646332383335323538313430666166656361363534666265636161623930
6461303066346563330a666563386435353565356637333664323532393533333837396632383464
65643065343836326334323765313964353632393264626162306661336436306337643736383935
34376461356330386131663463643733323865666265616363383361343363626661366336313338
38333939663832646634356635646362663733303033613532313731633261643564613437646134
61376562366564306531623363363134646466306636313434613761333036363936626565623135
30633931626133316534356433363761373234323636303436616530613836653664343865373735
64323762656339396233343764616462393463353237353439306264333338366133326631366362
30363966643265343766366365303134333830303661313966343636636439383331316331346464
38623332323861633537383463613939356662313039386330326339663233346237333736306666
38626563386364373566336132333432353565623731653062316231626530333231
