$ANSIBLE_VAULT;1.1;AES256
61326666643934323832343861653961333835313266326136653436343637386134306336326362
3235646631303132306532333961323762353531636535660a363365363031393135393465323130
65663832323334313464633861353431623933313434383835653066633966663232353765653433
3062623831653535640a303835336434373964636637626239313566323362643332356435313962
38633239343761373166326565396335363832636235303763616264333633396666373662356662
37393861303831373265623435633633303433303365303330326366653032373661616363663364
63666364383465383935616432363564643966636366343462336337373465393036666130663061
31366262623139363331373335393637363838663263623238366434636638333465666361313561
38356430646337613733343166613134396363393262313165323665383938656431336462316265
31353932666464643936653563316661373734306465663235666364396230313539363266343933
39633133303331343139366166623034313635393531393866623731323062643336653938333939
34656166623262353539616538666231303132383330633663343763613063313232326165303437
31656439376666393030366534393330393730346439333365373833333739626230636561316332
34663836383031323563393163656162613764313332343639376233376462343366303962306535
31653530316632393837363936343231663132353462656335366232643131653833363036306133
30353661356431333239646339336538343362346364616263313735643862373133356662323439
63346164323630346535326130626333613833653564343437653364386133653238656439393134
38386630333839656261386565636166393961353536376132393233306566323966643735326434
61636665396432633930363532353533376330376664623237376635373237616235643637376437
62653434396163663339386561633335333736663432363433303234633631363163356633356630
62643864623166366530346265663933393031653830643130396262613963316263306362306634
61656631663165363339316161343835393363343931353863343031623564366464623534613232
616263316665333061353234333563303738
