$ANSIBLE_VAULT;1.1;AES256
64306532643963356562303831323762356461646336633632363334383337373833303666393465
3063633734353539633664303833346363623433373633350a326438326436333530623132343161
34643938656565373331616438626237616232666566386362653839363361356631656461343638
3836666535386463630a373764313235636561623562383964336431636462643162666334663339
35653166393431663932376263313135336133333730356534616165623535316261366137623636
34303361376337636639663766366235336530643637306431663433633130343438343733373263
61303338343834326662386631363265663832646430653334623338333534393536653032656230
33376662613233616366636665666132373835666430386132656565623039656264613634313933
32313833633463323766363931626161373536633865373330386335643735333531663037633238
36343332366163396663303064373534643330376536633535656165373136353561353734663232
66336233363765336664323234613835313136393430386261656665396534353161643565393739
37626364386530306265373966353034386161373931303566336135363932306334613562616665
32393964363334346132646230656666336230313735373633323266323463306430
